
converted e.mp4
0.000000
8.333333
16.666667
25.000000
29.033333
37.366667
43.800000
51.066667
59.400000
67.733333
74.600000
78.200000
86.533333
94.866667
98.233333
106.566667
114.900000
-----------------------------
original e.mp4
0.000000
8.333333
16.666667
25.000000
29.033333
37.366667
43.800000
51.066667
59.400000
67.733333
74.600000
78.200000
86.533333
94.866667
98.233333
106.566667
114.900000
-----------------------------------
e.mp4 filtered
0.000000
8.333333
16.666667
25.000000
29.033333
37.366667
43.800000
51.166667
59.500000
67.833333
74.600000
82.933333
91.266667
98.233333
106.566667
114.900000
